Network,aggregation_level,S,FinalRichness,FinalBiomass,FinalStability
1,Genus,88,72.0,2.055424331829452,0.00034519040378051867
2,Family,62,49.0,2.0340156402465794,0.0004527937593388635
3,Order,37,29.0,2.088066157052041,2.0378274964833875e-5
4,Genus,88,73.0,2.0626816285564353,0.0003696809922832814
5,Family,62,49.0,2.0235803316180094,0.0004897481788535963
6,Order,37,30.0,2.0901623311952244,6.541982385221727e-5
7,Genus,88,72.0,2.06202720950606,0.0002601536253267526
8,Family,62,49.0,2.032077062672244,0.0004298599343766654
9,Order,37,30.0,2.090666788829134,2.5446076719272486e-5
10,Genus,88,72.0,2.055617376194271,0.0002268789264142855
11,Family,62,50.0,2.030327446942624,0.0004886058509698072
12,Order,37,29.0,2.0898255232814624,2.6770161675046434e-5
13,Genus,88,73.0,2.0633862609279627,0.00024522406857172663
14,Family,62,49.0,2.0170507130500366,0.00044104627755000696
15,Order,37,29.0,2.087449204177886,3.870458987071697e-5
